[[ 178  306]
 [ 179  306]
 [ 180  306]
 [ 181  306]
 [ 452  306]
 [ 453  306]
 [ 454  306]
 [ 455  306]
 [ 456  306]
 [ 475  306]
 [ 476  306]
 [ 477  306]
 [ 478  306]
 [ 479  306]
 [ 480  306]
 [ 481  306]
 [ 489  306]
 [ 490  306]
 [ 491  306]
 [ 492  306]
 [ 493  306]
 [ 494  306]
 [ 495  306]
 [ 496  306]
 [ 497  306]
 [ 498  306]
 [ 499  306]
 [ 500  306]
 [ 501  306]
 [ 502  306]
 [ 579  306]
 [ 580  306]
 [ 581  306]
 [ 582  306]
 [ 583  306]
 [ 590  306]
 [ 591  306]
 [ 592  306]
 [ 593  306]
 [ 594  306]
 [ 595  306]
 [ 596  306]
 [ 597  306]
 [ 598  306]
 [ 599  306]
 [ 600  306]
 [ 601  306]
 [ 157  307]
 [ 158  307]
 [ 159  307]
 [ 160  307]
 [ 161  307]
 [ 162  307]
 [ 163  307]
 [ 164  307]
 [ 165  307]
 [ 166  307]
 [ 167  307]
 [ 168  307]
 [ 169  307]
 [ 170  307]
 [ 171  307]
 [ 172  307]
 [ 173  307]
 [ 174  307]
 [ 175  307]
 [ 176  307]
 [ 177  307]
 [ 182  307]
 [ 183  307]
 [ 184  307]
 [ 185  307]
 [ 186  307]
 [ 187  307]
 [ 188  307]
 [ 189  307]
 [ 190  307]
 [ 191  307]
 [ 192  307]
 [ 193  307]
 [ 194  307]
 [ 195  307]
 [ 196  307]
 [ 197  307]
 [ 198  307]
 [ 199  307]
 [ 200  307]
 [ 397  307]
 [ 398  307]
 [ 399  307]
 [ 400  307]
 [ 401  307]
 [ 402  307]
 [ 403  307]
 [ 404  307]
 [ 405  307]
 [ 406  307]
 [ 407  307]
 [ 408  307]
 [ 409  307]
 [ 410  307]
 [ 411  307]
 [ 412  307]
 [ 413  307]
 [ 414  307]
 [ 415  307]
 [ 416  307]
 [ 417  307]
 [ 418  307]
 [ 419  307]
 [ 420  307]
 [ 421  307]
 [ 422  307]
 [ 423  307]
 [ 424  307]
 [ 425  307]
 [ 426  307]
 [ 427  307]
 [ 431  307]
 [ 432  307]
 [ 433  307]
 [ 434  307]
 [ 435  307]
 [ 436  307]
 [ 437  307]
 [ 438  307]
 [ 439  307]
 [ 440  307]
 [ 441  307]
 [ 442  307]
 [ 443  307]
 [ 444  307]
 [ 445  307]
 [ 446  307]
 [ 447  307]
 [ 448  307]
 [ 449  307]
 [ 450  307]
 [ 451  307]
 [ 457  307]
 [ 458  307]
 [ 459  307]
 [ 460  307]
 [ 461  307]
 [ 462  307]
 [ 463  307]
 [ 464  307]
 [ 465  307]
 [ 466  307]
 [ 467  307]
 [ 468  307]
 [ 469  307]
 [ 470  307]
 [ 471  307]
 [ 472  307]
 [ 473  307]
 [ 474  307]
 [ 482  307]
 [ 483  307]
 [ 484  307]
 [ 485  307]
 [ 486  307]
 [ 487  307]
 [ 488  307]
 [ 503  307]
 [ 504  307]
 [ 505  307]
 [ 506  307]
 [ 507  307]
 [ 508  307]
 [ 509  307]
 [ 510  307]
 [ 511  307]
 [ 512  307]
 [ 513  307]
 [ 514  307]
 [ 515  307]
 [ 516  307]
 [ 517  307]
 [ 518  307]
 [ 519  307]
 [ 520  307]
 [ 521  307]
 [ 522  307]
 [ 523  307]
 [ 524  307]
 [ 525  307]
 [ 526  307]
 [ 527  307]
 [ 528  307]
 [ 529  307]
 [ 530  307]
 [ 531  307]
 [ 532  307]
 [ 533  307]
 [ 542  307]
 [ 543  307]
 [ 544  307]
 [ 545  307]
 [ 546  307]
 [ 547  307]
 [ 548  307]
 [ 549  307]
 [ 550  307]
 [ 551  307]
 [ 552  307]
 [ 553  307]
 [ 554  307]
 [ 555  307]
 [ 556  307]
 [ 557  307]
 [ 558  307]
 [ 559  307]
 [ 560  307]
 [ 561  307]
 [ 562  307]
 [ 563  307]
 [ 564  307]
 [ 565  307]
 [ 566  307]
 [ 567  307]
 [ 568  307]
 [ 569  307]
 [ 570  307]
 [ 571  307]
 [ 572  307]
 [ 573  307]
 [ 574  307]
 [ 575  307]
 [ 576  307]
 [ 577  307]
 [ 578  307]
 [ 584  307]
 [ 585  307]
 [ 586  307]
 [ 587  307]
 [ 588  307]
 [ 589  307]
 [ 602  307]
 [ 603  307]
 [ 604  307]
 [ 605  307]
 [ 606  307]
 [ 607  307]
 [ 608  307]
 [ 609  307]
 [ 610  307]
 [ 611  307]
 [ 612  307]
 [ 613  307]
 [ 614  307]
 [ 615  307]
 [ 616  307]
 [ 148  308]
 [ 149  308]
 [ 150  308]
 [ 151  308]
 [ 152  308]
 [ 153  308]
 [ 154  308]
 [ 155  308]
 [ 156  308]
 [ 201  308]
 [ 202  308]
 [ 203  308]
 [ 209  308]
 [ 210  308]
 [ 393  308]
 [ 394  308]
 [ 395  308]
 [ 396  308]
 [ 428  308]
 [ 429  308]
 [ 430  308]
 [ 534  308]
 [ 535  308]
 [ 539  308]
 [ 540  308]
 [ 541  308]
 [ 617  308]
 [ 618  308]
 [ 619  308]
 [ 620  308]
 [ 621  308]
 [ 622  308]
 [ 623  308]
 [ 624  308]
 [ 625  308]
 [ 626  308]
 [ 627  308]
 [ 628  308]
 [ 629  308]
 [ 630  308]
 [ 631  308]
 [ 632  308]
 [ 633  308]
 [ 634  308]
 [ 635  308]
 [ 636  308]
 [ 637  308]
 [ 638  308]
 [ 639  308]
 [ 640  308]
 [ 641  308]
 [ 642  308]
 [ 643  308]
 [ 644  308]
 [ 645  308]
 [ 646  308]
 [ 647  308]
 [ 648  308]
 [ 649  308]
 [ 657  308]
 [ 145  309]
 [ 146  309]
 [ 147  309]
 [ 204  309]
 [ 205  309]
 [ 206  309]
 [ 207  309]
 [ 208  309]
 [ 211  309]
 [ 212  309]
 [ 213  309]
 [ 214  309]
 [ 215  309]
 [ 216  309]
 [ 217  309]
 [ 218  309]
 [ 219  309]
 [ 220  309]
 [ 221  309]
 [ 222  309]
 [ 223  309]
 [ 224  309]
 [ 225  309]
 [ 226  309]
 [ 227  309]
 [ 228  309]
 [ 229  309]
 [ 230  309]
 [ 374  309]
 [ 375  309]
 [ 376  309]
 [ 377  309]
 [ 378  309]
 [ 379  309]
 [ 380  309]
 [ 381  309]
 [ 382  309]
 [ 383  309]
 [ 384  309]
 [ 385  309]
 [ 386  309]
 [ 387  309]
 [ 388  309]
 [ 389  309]
 [ 390  309]
 [ 391  309]
 [ 392  309]
 [ 535  309]
 [ 536  309]
 [ 537  309]
 [ 538  309]
 [ 650  309]
 [ 651  309]
 [ 652  309]
 [ 653  309]
 [ 654  309]
 [ 655  309]
 [ 656  309]
 [ 658  309]
 [ 659  309]
 [ 664  309]
 [ 665  309]
 [ 666  309]
 [ 667  309]
 [ 668  309]
 [ 669  309]
 [ 670  309]
 [ 671  309]
 [ 672  309]
 [ 673  309]
 [ 674  309]
 [ 679  309]
 [ 680  309]
 [ 681  309]
 [ 682  309]
 [ 683  309]
 [ 684  309]
 [ 685  309]
 [ 686  309]
 [ 690  309]
 [ 691  309]
 [ 692  309]
 [ 693  309]
 [ 694  309]
 [ 695  309]
 [ 696  309]
 [ 135  310]
 [ 136  310]
 [ 137  310]
 [ 143  310]
 [ 144  310]
 [ 231  310]
 [ 232  310]
 [ 233  310]
 [ 234  310]
 [ 235  310]
 [ 236  310]
 [ 354  310]
 [ 355  310]
 [ 360  310]
 [ 361  310]
 [ 362  310]
 [ 363  310]
 [ 364  310]
 [ 365  310]
 [ 366  310]
 [ 367  310]
 [ 368  310]
 [ 369  310]
 [ 370  310]
 [ 371  310]
 [ 372  310]
 [ 373  310]
 [ 660  310]
 [ 661  310]
 [ 662  310]
 [ 663  310]
 [ 675  310]
 [ 676  310]
 [ 677  310]
 [ 678  310]
 [ 687  310]
 [ 688  310]
 [ 689  310]
 [ 697  310]
 [ 698  310]
 [ 735  310]
 [ 736  310]
 [ 737  310]
 [ 738  310]
 [ 739  310]
 [ 740  310]
 [ 741  310]
 [ 742  310]
 [ 131  311]
 [ 132  311]
 [ 133  311]
 [ 134  311]
 [ 138  311]
 [ 139  311]
 [ 140  311]
 [ 141  311]
 [ 142  311]
 [ 237  311]
 [ 238  311]
 [ 239  311]
 [ 240  311]
 [ 241  311]
 [ 242  311]
 [ 243  311]
 [ 244  311]
 [ 245  311]
 [ 246  311]
 [ 333  311]
 [ 334  311]
 [ 335  311]
 [ 336  311]
 [ 337  311]
 [ 338  311]
 [ 339  311]
 [ 340  311]
 [ 341  311]
 [ 342  311]
 [ 343  311]
 [ 344  311]
 [ 345  311]
 [ 346  311]
 [ 347  311]
 [ 348  311]
 [ 349  311]
 [ 350  311]
 [ 351  311]
 [ 352  311]
 [ 353  311]
 [ 356  311]
 [ 357  311]
 [ 358  311]
 [ 359  311]
 [ 699  311]
 [ 700  311]
 [ 714  311]
 [ 715  311]
 [ 716  311]
 [ 717  311]
 [ 718  311]
 [ 719  311]
 [ 720  311]
 [ 721  311]
 [ 722  311]
 [ 723  311]
 [ 724  311]
 [ 725  311]
 [ 726  311]
 [ 727  311]
 [ 728  311]
 [ 729  311]
 [ 730  311]
 [ 731  311]
 [ 732  311]
 [ 733  311]
 [ 734  311]
 [ 743  311]
 [ 744  311]
 [ 745  311]
 [ 746  311]
 [ 747  311]
 [ 748  311]
 [ 749  311]
 [ 761  311]
 [ 762  311]
 [ 127  312]
 [ 128  312]
 [ 129  312]
 [ 130  312]
 [ 247  312]
 [ 248  312]
 [ 249  312]
 [ 250  312]
 [ 251  312]
 [ 252  312]
 [ 253  312]
 [ 306  312]
 [ 307  312]
 [ 322  312]
 [ 323  312]
 [ 324  312]
 [ 325  312]
 [ 326  312]
 [ 327  312]
 [ 328  312]
 [ 329  312]
 [ 330  312]
 [ 331  312]
 [ 332  312]
 [ 700  312]
 [ 701  312]
 [ 702  312]
 [ 703  312]
 [ 704  312]
 [ 705  312]
 [ 706  312]
 [ 707  312]
 [ 708  312]
 [ 709  312]
 [ 710  312]
 [ 711  312]
 [ 712  312]
 [ 713  312]
 [ 750  312]
 [ 751  312]
 [ 757  312]
 [ 758  312]
 [ 759  312]
 [ 760  312]
 [ 763  312]
 [ 764  312]
 [ 765  312]
 [ 766  312]
 [ 767  312]
 [ 768  312]
 [ 769  312]
 [ 770  312]
 [ 771  312]
 [ 783  312]
 [ 789  312]
 [ 790  312]
 [ 791  312]
 [ 792  312]
 [ 793  312]
 [ 794  312]
 [ 795  312]
 [ 796  312]
 [ 817  312]
 [ 818  312]
 [ 819  312]
 [ 820  312]
 [ 821  312]
 [ 822  312]
 [ 823  312]
 [ 824  312]
 [ 825  312]
 [ 826  312]
 [ 827  312]
 [ 828  312]
 [ 123  313]
 [ 124  313]
 [ 125  313]
 [ 126  313]
 [ 254  313]
 [ 255  313]
 [ 256  313]
 [ 257  313]
 [ 258  313]
 [ 299  313]
 [ 300  313]
 [ 301  313]
 [ 302  313]
 [ 303  313]
 [ 304  313]
 [ 305  313]
 [ 308  313]
 [ 319  313]
 [ 320  313]
 [ 321  313]
 [ 751  313]
 [ 752  313]
 [ 753  313]
 [ 754  313]
 [ 755  313]
 [ 756  313]
 [ 772  313]
 [ 773  313]
 [ 774  313]
 [ 775  313]
 [ 776  313]
 [ 777  313]
 [ 782  313]
 [ 784  313]
 [ 785  313]
 [ 786  313]
 [ 787  313]
 [ 788  313]
 [ 797  313]
 [ 798  313]
 [ 799  313]
 [ 800  313]
 [ 801  313]
 [ 802  313]
 [ 803  313]
 [ 804  313]
 [ 805  313]
 [ 806  313]
 [ 807  313]
 [ 808  313]
 [ 809  313]
 [ 810  313]
 [ 811  313]
 [ 812  313]
 [ 813  313]
 [ 814  313]
 [ 815  313]
 [ 816  313]
 [ 829  313]
 [ 830  313]
 [ 831  313]
 [ 847  313]
 [ 848  313]
 [ 849  313]
 [ 850  313]
 [ 851  313]
 [ 852  313]
 [ 853  313]
 [ 854  313]
 [ 855  313]
 [ 856  313]
 [ 857  313]
 [ 858  313]
 [ 859  313]
 [ 860  313]
 [ 861  313]
 [ 862  313]
 [ 863  313]
 [ 864  313]
 [ 865  313]
 [ 866  313]
 [ 867  313]
 [ 868  313]
 [ 869  313]
 [ 870  313]
 [ 871  313]
 [ 872  313]
 [ 873  313]
 [ 874  313]
 [ 875  313]
 [ 876  313]
 [ 877  313]
 [ 878  313]
 [ 879  313]
 [ 880  313]
 [ 881  313]
 [ 882  313]
 [ 883  313]
 [ 884  313]
 [ 120  314]
 [ 121  314]
 [ 122  314]
 [ 259  314]
 [ 260  314]
 [ 261  314]
 [ 262  314]
 [ 293  314]
 [ 294  314]
 [ 295  314]
 [ 296  314]
 [ 297  314]
 [ 298  314]
 [ 309  314]
 [ 317  314]
 [ 318  314]
 [ 778  314]
 [ 781  314]
 [ 832  314]
 [ 833  314]
 [ 834  314]
 [ 835  314]
 [ 836  314]
 [ 837  314]
 [ 838  314]
 [ 839  314]
 [ 844  314]
 [ 845  314]
 [ 846  314]
 [ 885  314]
 [ 886  314]
 [ 887  314]
 [ 888  314]
 [ 889  314]
 [ 890  314]
 [ 891  314]
 [ 892  314]
 [ 893  314]
 [ 894  314]
 [ 895  314]
 [ 896  314]
 [ 897  314]
 [ 898  314]
 [ 899  314]
 [ 900  314]
 [ 901  314]
 [ 902  314]
 [ 903  314]
 [ 904  314]
 [ 905  314]
 [ 906  314]
 [ 907  314]
 [ 908  314]
 [ 909  314]
 [ 910  314]
 [ 911  314]
 [ 912  314]
 [ 913  314]
 [ 914  314]
 [ 915  314]
 [ 916  314]
 [ 917  314]
 [ 918  314]
 [ 919  314]
 [ 920  314]
 [ 921  314]
 [ 922  314]
 [ 923  314]
 [ 924  314]
 [ 925  314]
 [ 926  314]
 [ 927  314]
 [ 928  314]
 [ 933  314]
 [ 934  314]
 [ 935  314]
 [ 936  314]
 [ 117  315]
 [ 118  315]
 [ 119  315]
 [ 263  315]
 [ 264  315]
 [ 269  315]
 [ 270  315]
 [ 271  315]
 [ 272  315]
 [ 273  315]
 [ 274  315]
 [ 275  315]
 [ 276  315]
 [ 277  315]
 [ 278  315]
 [ 279  315]
 [ 280  315]
 [ 281  315]
 [ 282  315]
 [ 283  315]
 [ 284  315]
 [ 285  315]
 [ 286  315]
 [ 287  315]
 [ 288  315]
 [ 289  315]
 [ 290  315]
 [ 291  315]
 [ 292  315]
 [ 309  315]
 [ 310  315]
 [ 311  315]
 [ 312  315]
 [ 313  315]
 [ 314  315]
 [ 315  315]
 [ 316  315]
 [ 779  315]
 [ 840  315]
 [ 841  315]
 [ 842  315]
 [ 843  315]
 [ 929  315]
 [ 930  315]
 [ 931  315]
 [ 932  315]
 [ 937  315]
 [ 938  315]
 [ 939  315]
 [ 940  315]
 [ 941  315]
 [ 942  315]
 [ 943  315]
 [ 944  315]
 [ 945  315]
 [ 946  315]
 [ 947  315]
 [ 948  315]
 [ 949  315]
 [ 950  315]
 [ 951  315]
 [ 952  315]
 [ 953  315]
 [ 954  315]
 [ 955  315]
 [ 956  315]
 [ 957  315]
 [ 958  315]
 [ 959  315]
 [ 960  315]
 [ 961  315]
 [ 962  315]
 [ 115  316]
 [ 116  316]
 [ 264  316]
 [ 265  316]
 [ 266  316]
 [ 267  316]
 [ 268  316]
 [ 780  316]
 [ 963  316]
 [ 964  316]
 [ 965  316]
 [ 966  316]
 [ 967  316]
 [ 968  316]
 [ 969  316]
 [ 970  316]
 [ 971  316]
 [ 972  316]
 [ 973  316]
 [ 974  316]
 [ 975  316]
 [ 976  316]
 [ 977  316]
 [ 978  316]
 [ 979  316]
 [ 980  316]
 [ 981  316]
 [ 982  316]
 [ 983  316]
 [ 984  316]
 [ 985  316]
 [ 986  316]
 [ 987  316]
 [ 988  316]
 [ 989  316]
 [ 990  316]
 [ 991  316]
 [ 992  316]
 [ 993  316]
 [ 994  316]
 [ 995  316]
 [ 996  316]
 [ 997  316]
 [ 998  316]
 [ 999  316]
 [1000  316]
 [1001  316]
 [1002  316]
 [1003  316]
 [1015  316]
 [1016  316]
 [1017  316]
 [ 113  317]
 [ 114  317]
 [1004  317]
 [1005  317]
 [1006  317]
 [1007  317]
 [1008  317]
 [1009  317]
 [1010  317]
 [1011  317]
 [1012  317]
 [1013  317]
 [1014  317]
 [1018  317]
 [1019  317]
 [1020  317]
 [1021  317]
 [1022  317]
 [1023  317]
 [ 111  318]
 [ 112  318]
 [ 109  319]
 [ 110  319]
 [ 107  320]
 [ 108  320]
 [ 105  321]
 [ 106  321]
 [ 102  322]
 [ 103  322]
 [ 104  322]
 [ 100  323]
 [ 101  323]
 [  99  324]
 [ 100  324]
 [  99  325]
 [  98  326]
 [  97  327]
 [  98  327]
 [  96  328]
 [  97  328]
 [ 576  328]
 [ 577  328]
 [  95  329]
 [  96  329]
 [ 575  329]
 [  94  330]
 [  95  330]
 [ 575  330]
 [ 577  330]
 [  93  331]
 [  94  331]
 [ 574  331]
 [ 577  331]
 [  92  332]
 [  93  332]
 [ 574  332]
 [ 577  332]
 [ 611  332]
 [ 612  332]
 [ 613  332]
 [ 614  332]
 [ 615  332]
 [ 616  332]
 [ 617  332]
 [  91  333]
 [  92  333]
 [ 559  333]
 [ 560  333]
 [ 575  333]
 [ 596  333]
 [ 597  333]
 [ 598  333]
 [ 603  333]
 [ 604  333]
 [ 605  333]
 [ 609  333]
 [ 610  333]
 [ 618  333]
 [ 619  333]
 [  90  334]
 [  91  334]
 [ 558  334]
 [ 576  334]
 [ 596  334]
 [ 598  334]
 [ 603  334]
 [ 605  334]
 [ 609  334]
 [ 619  334]
 [ 891  334]
 [ 892  334]
 [  89  335]
 [  90  335]
 [ 558  335]
 [ 560  335]
 [ 565  335]
 [ 566  335]
 [ 576  335]
 [ 578  335]
 [ 596  335]
 [ 603  335]
 [ 608  335]
 [ 611  335]
 [ 612  335]
 [ 613  335]
 [ 616  335]
 [ 617  335]
 [ 890  335]
 [  87  336]
 [  88  336]
 [ 564  336]
 [ 570  336]
 [ 571  336]
 [ 572  336]
 [ 576  336]
 [ 578  336]
 [ 596  336]
 [ 603  336]
 [ 608  336]
 [ 611  336]
 [ 613  336]
 [ 890  336]
 [  86  337]
 [  87  337]
 [ 564  337]
 [ 570  337]
 [ 572  337]
 [ 576  337]
 [ 578  337]
 [ 596  337]
 [ 603  337]
 [ 608  337]
 [ 613  337]
 [ 890  337]
 [  85  338]
 [  86  338]
 [ 564  338]
 [ 570  338]
 [ 571  338]
 [ 572  338]
 [ 575  338]
 [ 578  338]
 [ 596  338]
 [ 603  338]
 [ 608  338]
 [ 613  338]
 [ 890  338]
 [ 927  338]
 [ 928  338]
 [ 929  338]
 [ 930  338]
 [ 931  338]
 [ 932  338]
 [ 933  338]
 [ 934  338]
 [  85  339]
 [ 564  339]
 [ 575  339]
 [ 578  339]
 [ 596  339]
 [ 603  339]
 [ 608  339]
 [ 613  339]
 [ 875  339]
 [ 876  339]
 [ 880  339]
 [ 881  339]
 [ 890  339]
 [ 913  339]
 [ 914  339]
 [ 919  339]
 [ 920  339]
 [ 921  339]
 [ 926  339]
 [ 935  339]
 [  84  340]
 [ 564  340]
 [ 575  340]
 [ 578  340]
 [ 596  340]
 [ 603  340]
 [ 608  340]
 [ 613  340]
 [ 874  340]
 [ 880  340]
 [ 882  340]
 [ 890  340]
 [ 913  340]
 [ 915  340]
 [ 919  340]
 [ 921  340]
 [ 925  340]
 [ 935  340]
 [  84  341]
 [ 564  341]
 [ 566  341]
 [ 575  341]
 [ 578  341]
 [ 596  341]
 [ 599  341]
 [ 603  341]
 [ 605  341]
 [ 608  341]
 [ 613  341]
 [ 874  341]
 [ 876  341]
 [ 880  341]
 [ 890  341]
 [ 913  341]
 [ 915  341]
 [ 919  341]
 [ 925  341]
 [ 928  341]
 [ 929  341]
 [ 932  341]
 [ 933  341]
 [  84  342]
 [ 564  342]
 [ 565  342]
 [ 566  342]
 [ 575  342]
 [ 578  342]
 [ 597  342]
 [ 602  342]
 [ 605  342]
 [ 609  342]
 [ 613  342]
 [ 615  342]
 [ 619  342]
 [ 883  342]
 [ 890  342]
 [ 913  342]
 [ 915  342]
 [ 919  342]
 [ 925  342]
 [  83  343]
 [ 576  343]
 [ 577  343]
 [ 578  343]
 [ 603  343]
 [ 604  343]
 [ 605  343]
 [ 609  343]
 [ 613  343]
 [ 614  343]
 [ 615  343]
 [ 617  343]
 [ 619  343]
 [ 881  343]
 [ 883  343]
 [ 890  343]
 [ 913  343]
 [ 915  343]
 [ 919  343]
 [ 925  343]
 [  83  344]
 [ 881  344]
 [ 890  344]
 [ 913  344]
 [ 915  344]
 [ 919  344]
 [ 925  344]
 [  83  345]
 [ 881  345]
 [ 883  345]
 [ 890  345]
 [ 913  345]
 [ 915  345]
 [ 919  345]
 [ 925  345]
 [  82  346]
 [ 881  346]
 [ 883  346]
 [ 890  346]
 [ 913  346]
 [ 915  346]
 [ 919  346]
 [ 925  346]
 [  82  347]
 [ 880  347]
 [ 890  347]
 [ 913  347]
 [ 919  347]
 [ 925  347]
 [  81  348]
 [ 880  348]
 [ 882  348]
 [ 890  348]
 [ 915  348]
 [ 919  348]
 [ 921  348]
 [ 925  348]
 [ 927  348]
 [ 934  348]
 [  81  349]
 [ 891  349]
 [ 892  349]
 [ 919  349]
 [ 920  349]
 [ 921  349]
 [ 925  349]
 [ 927  349]
 [ 930  349]
 [ 931  349]
 [ 934  349]
 [  81  350]
 [  80  351]
 [  80  352]
 [ 251  352]
 [ 252  352]
 [ 253  352]
 [ 254  352]
 [ 255  352]
 [ 256  352]
 [  80  353]
 [ 250  353]
 [ 251  353]
 [ 257  353]
 [ 258  353]
 [ 259  353]
 [ 260  353]
 [ 261  353]
 [ 262  353]
 [ 263  353]
 [ 264  353]
 [ 265  353]
 [ 266  353]
 [ 274  353]
 [ 288  353]
 [ 289  353]
 [ 290  353]
 [ 291  353]
 [ 292  353]
 [ 293  353]
 [ 294  353]
 [ 295  353]
 [ 296  353]
 [ 297  353]
 [ 298  353]
 [ 299  353]
 [ 304  353]
 [ 305  353]
 [ 306  353]
 [  80  354]
 [ 249  354]
 [ 250  354]
 [ 267  354]
 [ 268  354]
 [ 269  354]
 [ 270  354]
 [ 271  354]
 [ 272  354]
 [ 273  354]
 [ 275  354]
 [ 276  354]
 [ 286  354]
 [ 287  354]
 [ 300  354]
 [ 301  354]
 [ 302  354]
 [ 303  354]
 [ 307  354]
 [ 308  354]
 [ 309  354]
 [  79  355]
 [ 248  355]
 [ 249  355]
 [ 277  355]
 [ 278  355]
 [ 279  355]
 [ 280  355]
 [ 281  355]
 [ 284  355]
 [ 285  355]
 [ 310  355]
 [ 311  355]
 [ 312  355]
 [ 313  355]
 [  79  356]
 [ 247  356]
 [ 248  356]
 [ 282  356]
 [ 283  356]
 [ 284  356]
 [ 314  356]
 [ 315  356]
 [ 325  356]
 [ 326  356]
 [ 327  356]
 [ 328  356]
 [ 329  356]
 [ 349  356]
 [ 350  356]
 [ 351  356]
 [ 421  356]
 [ 422  356]
 [ 423  356]
 [ 424  356]
 [ 425  356]
 [ 426  356]
 [ 427  356]
 [ 428  356]
 [ 446  356]
 [ 453  356]
 [ 454  356]
 [  80  357]
 [ 245  357]
 [ 246  357]
 [ 315  357]
 [ 321  357]
 [ 322  357]
 [ 323  357]
 [ 324  357]
 [ 329  357]
 [ 338  357]
 [ 339  357]
 [ 340  357]
 [ 341  357]
 [ 347  357]
 [ 348  357]
 [ 352  357]
 [ 353  357]
 [ 354  357]
 [ 355  357]
 [ 356  357]
 [ 357  357]
 [ 362  357]
 [ 363  357]
 [ 364  357]
 [ 365  357]
 [ 366  357]
 [ 367  357]
 [ 368  357]
 [ 369  357]
 [ 370  357]
 [ 371  357]
 [ 372  357]
 [ 373  357]
 [ 402  357]
 [ 408  357]
 [ 409  357]
 [ 410  357]
 [ 411  357]
 [ 419  357]
 [ 420  357]
 [ 429  357]
 [ 430  357]
 [ 444  357]
 [ 445  357]
 [ 447  357]
 [ 448  357]
 [ 449  357]
 [ 450  357]
 [ 451  357]
 [ 452  357]
 [ 455  357]
 [ 456  357]
 [  80  358]
 [ 244  358]
 [ 316  358]
 [ 319  358]
 [ 320  358]
 [ 330  358]
 [ 337  358]
 [ 338  358]
 [ 342  358]
 [ 343  358]
 [ 344  358]
 [ 345  358]
 [ 346  358]
 [ 347  358]
 [ 358  358]
 [ 359  358]
 [ 360  358]
 [ 361  358]
 [ 374  358]
 [ 375  358]
 [ 376  358]
 [ 387  358]
 [ 388  358]
 [ 389  358]
 [ 390  358]
 [ 391  358]
 [ 392  358]
 [ 393  358]
 [ 400  358]
 [ 401  358]
 [ 403  358]
 [ 404  358]
 [ 405  358]
 [ 406  358]
 [ 407  358]
 [ 412  358]
 [ 413  358]
 [ 414  358]
 [ 415  358]
 [ 416  358]
 [ 417  358]
 [ 418  358]
 [ 431  358]
 [ 432  358]
 [ 433  358]
 [ 434  358]
 [ 442  358]
 [ 443  358]
 [ 456  358]
 [ 457  358]
 [  80  359]
 [ 243  359]
 [ 316  359]
 [ 317  359]
 [ 318  359]
 [ 319  359]
 [ 330  359]
 [ 336  359]
 [ 337  359]
 [ 377  359]
 [ 378  359]
 [ 385  359]
 [ 386  359]
 [ 393  359]
 [ 399  359]
 [ 400  359]
 [ 435  359]
 [ 436  359]
 [ 437  359]
 [ 438  359]
 [ 439  359]
 [ 440  359]
 [ 441  359]
 [ 457  359]
 [ 458  359]
 [ 459  359]
 [ 460  359]
 [ 461  359]
 [ 462  359]
 [ 467  359]
 [ 468  359]
 [ 469  359]
 [ 470  359]
 [ 471  359]
 [ 472  359]
 [ 473  359]
 [ 474  359]
 [ 475  359]
 [ 492  359]
 [ 493  359]
 [ 494  359]
 [ 495  359]
 [ 496  359]
 [ 497  359]
 [ 498  359]
 [ 499  359]
 [ 500  359]
 [ 506  359]
 [ 507  359]
 [ 508  359]
 [ 509  359]
 [ 510  359]
 [ 515  359]
 [ 516  359]
 [ 517  359]
 [ 563  359]
 [ 564  359]
 [  80  360]
 [ 242  360]
 [ 243  360]
 [ 331  360]
 [ 336  360]
 [ 378  360]
 [ 379  360]
 [ 385  360]
 [ 394  360]
 [ 398  360]
 [ 399  360]
 [ 462  360]
 [ 463  360]
 [ 464  360]
 [ 465  360]
 [ 466  360]
 [ 476  360]
 [ 477  360]
 [ 478  360]
 [ 479  360]
 [ 480  360]
 [ 481  360]
 [ 489  360]
 [ 490  360]
 [ 491  360]
 [ 501  360]
 [ 502  360]
 [ 503  360]
 [ 504  360]
 [ 505  360]
 [ 511  360]
 [ 512  360]
 [ 513  360]
 [ 514  360]
 [ 518  360]
 [ 537  360]
 [ 538  360]
 [ 539  360]
 [ 560  360]
 [ 561  360]
 [ 562  360]
 [ 565  360]
 [ 566  360]
 [ 567  360]
 [ 568  360]
 [ 569  360]
 [ 570  360]
 [ 571  360]
 [ 572  360]
 [ 573  360]
 [ 574  360]
 [ 575  360]
 [ 625  360]
 [  80  361]
 [ 242  361]
 [ 331  361]
 [ 335  361]
 [ 379  361]
 [ 380  361]
 [ 384  361]
 [ 394  361]
 [ 395  361]
 [ 396  361]
 [ 397  361]
 [ 482  361]
 [ 483  361]
 [ 487  361]
 [ 488  361]
 [ 519  361]
 [ 523  361]
 [ 524  361]
 [ 525  361]
 [ 526  361]
 [ 527  361]
 [ 528  361]
 [ 529  361]
 [ 530  361]
 [ 531  361]
 [ 532  361]
 [ 536  361]
 [ 537  361]
 [ 540  361]
 [ 541  361]
 [ 542  361]
 [ 551  361]
 [ 557  361]
 [ 558  361]
 [ 559  361]
 [ 576  361]
 [ 577  361]
 [ 582  361]
 [ 583  361]
 [ 584  361]
 [ 594  361]
 [ 595  361]
 [ 596  361]
 [ 597  361]
 [ 598  361]
 [ 599  361]
 [ 610  361]
 [ 623  361]
 [ 624  361]
 [ 626  361]
 [ 627  361]
 [ 628  361]
 [ 629  361]
 [ 630  361]
 [ 631  361]
 [ 632  361]
 [ 633  361]
 [ 641  361]
 [ 642  361]
 [ 643  361]
 [ 644  361]
 [ 645  361]
 [ 646  361]
 [ 647  361]
 [ 648  361]
 [ 649  361]
 [ 656  361]
 [ 657  361]
 [ 658  361]
 [  80  362]
 [ 241  362]
 [ 332  362]
 [ 333  362]
 [ 334  362]
 [ 335  362]
 [ 380  362]
 [ 381  362]
 [ 382  362]
 [ 383  362]
 [ 384  362]
 [ 483  362]
 [ 484  362]
 [ 485  362]
 [ 486  362]
 [ 487  362]
 [ 520  362]
 [ 521  362]
 [ 522  362]
 [ 532  362]
 [ 533  362]
 [ 534  362]
 [ 535  362]
 [ 536  362]
 [ 543  362]
 [ 544  362]
 [ 549  362]
 [ 550  362]
 [ 552  362]
 [ 553  362]
 [ 554  362]
 [ 555  362]
 [ 556  362]
 [ 577  362]
 [ 578  362]
 [ 579  362]
 [ 580  362]
 [ 581  362]
 [ 585  362]
 [ 592  362]
 [ 593  362]
 [ 600  362]
 [ 601  362]
 [ 608  362]
 [ 609  362]
 [ 611  362]
 [ 612  362]
 [ 620  362]
 [ 621  362]
 [ 622  362]
 [ 634  362]
 [ 635  362]
 [ 636  362]
 [ 637  362]
 [ 638  362]
 [ 639  362]
 [ 640  362]
 [ 650  362]
 [ 651  362]
 [ 652  362]
 [ 653  362]
 [ 654  362]
 [ 655  362]
 [ 659  362]
 [ 660  362]
 [ 670  362]
 [ 688  362]
 [ 689  362]
 [ 690  362]
 [ 705  362]
 [ 706  362]
 [ 707  362]
 [ 708  362]
 [ 709  362]
 [ 710  362]
 [ 810  362]
 [ 811  362]
 [ 812  362]
 [ 819  362]
 [ 820  362]
 [  79  363]
 [ 241  363]
 [ 544  363]
 [ 545  363]
 [ 546  363]
 [ 547  363]
 [ 548  363]
 [ 586  363]
 [ 590  363]
 [ 591  363]
 [ 601  363]
 [ 607  363]
 [ 608  363]
 [ 613  363]
 [ 614  363]
 [ 618  363]
 [ 619  363]
 [ 660  363]
 [ 661  363]
 [ 662  363]
 [ 663  363]
 [ 664  363]
 [ 665  363]
 [ 666  363]
 [ 667  363]
 [ 668  363]
 [ 669  363]
 [ 671  363]
 [ 672  363]
 [ 677  363]
 [ 678  363]
 [ 679  363]
 [ 680  363]
 [ 681  363]
 [ 682  363]
 [ 683  363]
 [ 684  363]
 [ 685  363]
 [ 686  363]
 [ 687  363]
 [ 691  363]
 [ 692  363]
 [ 703  363]
 [ 704  363]
 [ 711  363]
 [ 712  363]
 [ 713  363]
 [ 714  363]
 [ 726  363]
 [ 727  363]
 [ 733  363]
 [ 734  363]
 [ 735  363]
 [ 736  363]
 [ 737  363]
 [ 748  363]
 [ 749  363]
 [ 769  363]
 [ 770  363]
 [ 771  363]
 [ 805  363]
 [ 806  363]
 [ 807  363]
 [ 808  363]
 [ 809  363]
 [ 813  363]
 [ 817  363]
 [ 818  363]
 [ 821  363]
 [ 822  363]
 [ 832  363]
 [ 833  363]
 [ 834  363]
 [ 835  363]
 [ 836  363]
 [ 837  363]
 [ 838  363]
 [ 839  363]
 [ 892  363]
 [  79  364]
 [ 231  364]
 [ 232  364]
 [ 233  364]
 [ 234  364]
 [ 235  364]
 [ 236  364]
 [ 237  364]
 [ 238  364]
 [ 239  364]
 [ 240  364]
 [ 241  364]
 [ 586  364]
 [ 587  364]
 [ 589  364]
 [ 590  364]
 [ 601  364]
 [ 606  364]
 [ 607  364]
 [ 615  364]
 [ 616  364]
 [ 617  364]
 [ 618  364]
 [ 673  364]
 [ 674  364]
 [ 675  364]
 [ 676  364]
 [ 692  364]
 [ 697  364]
 [ 698  364]
 [ 699  364]
 [ 700  364]
 [ 701  364]
 [ 702  364]
 [ 703  364]
 [ 715  364]
 [ 724  364]
 [ 725  364]
 [ 728  364]
 [ 729  364]
 [ 730  364]
 [ 731  364]
 [ 732  364]
 [ 738  364]
 [ 739  364]
 [ 746  364]
 [ 747  364]
 [ 750  364]
 [ 751  364]
 [ 752  364]
 [ 753  364]
 [ 754  364]
 [ 755  364]
 [ 756  364]
 [ 757  364]
 [ 758  364]
 [ 759  364]
 [ 760  364]
 [ 761  364]
 [ 762  364]
 [ 763  364]
 [ 764  364]
 [ 765  364]
 [ 766  364]
 [ 767  364]
 [ 768  364]
 [ 772  364]
 [ 773  364]
 [ 774  364]
 [ 775  364]
 [ 784  364]
 [ 785  364]
 [ 786  364]
 [ 793  364]
 [ 803  364]
 [ 804  364]
 [ 814  364]
 [ 816  364]
 [ 817  364]
 [ 823  364]
 [ 824  364]
 [ 825  364]
 [ 826  364]
 [ 827  364]
 [ 828  364]
 [ 829  364]
 [ 830  364]
 [ 831  364]
 [ 840  364]
 [ 841  364]
 [ 874  364]
 [ 875  364]
 [ 890  364]
 [ 891  364]
 [ 893  364]
 [ 894  364]
 [ 924  364]
 [ 925  364]
 [ 926  364]
 [ 927  364]
 [ 928  364]
 [ 929  364]
 [ 938  364]
 [ 946  364]
 [ 947  364]
 [ 964  364]
 [ 985  364]
 [ 986  364]
 [ 987  364]
 [ 999  364]
 [1000  364]
 [1017  364]
 [1018  364]
 [1019  364]
 [1020  364]
 [1021  364]
 [  79  365]
 [ 229  365]
 [ 230  365]
 [ 587  365]
 [ 588  365]
 [ 589  365]
 [ 602  365]
 [ 606  365]
 [ 693  365]
 [ 697  365]
 [ 715  365]
 [ 722  365]
 [ 723  365]
 [ 740  365]
 [ 741  365]
 [ 745  365]
 [ 746  365]
 [ 776  365]
 [ 777  365]
 [ 782  365]
 [ 783  365]
 [ 787  365]
 [ 788  365]
 [ 789  365]
 [ 790  365]
 [ 791  365]
 [ 792  365]
 [ 794  365]
 [ 795  365]
 [ 796  365]
 [ 800  365]
 [ 801  365]
 [ 802  365]
 [ 814  365]
 [ 815  365]
 [ 816  365]
 [ 842  365]
 [ 843  365]
 [ 844  365]
 [ 845  365]
 [ 846  365]
 [ 847  365]
 [ 848  365]
 [ 849  365]
 [ 850  365]
 [ 851  365]
 [ 852  365]
 [ 853  365]
 [ 872  365]
 [ 873  365]
 [ 876  365]
 [ 877  365]
 [ 878  365]
 [ 879  365]
 [ 880  365]
 [ 881  365]
 [ 882  365]
 [ 883  365]
 [ 889  365]
 [ 890  365]
 [ 895  365]
 [ 896  365]
 [ 897  365]
 [ 898  365]
 [ 899  365]
 [ 910  365]
 [ 911  365]
 [ 912  365]
 [ 913  365]
 [ 914  365]
 [ 915  365]
 [ 916  365]
 [ 917  365]
 [ 918  365]
 [ 919  365]
 [ 920  365]
 [ 921  365]
 [ 922  365]
 [ 923  365]
 [ 930  365]
 [ 931  365]
 [ 932  365]
 [ 933  365]
 [ 934  365]
 [ 935  365]
 [ 936  365]
 [ 937  365]
 [ 939  365]
 [ 940  365]
 [ 941  365]
 [ 942  365]
 [ 943  365]
 [ 944  365]
 [ 945  365]
 [ 948  365]
 [ 949  365]
 [ 960  365]
 [ 961  365]
 [ 962  365]
 [ 963  365]
 [ 965  365]
 [ 966  365]
 [ 967  365]
 [ 968  365]
 [ 969  365]
 [ 970  365]
 [ 971  365]
 [ 972  365]
 [ 978  365]
 [ 979  365]
 [ 980  365]
 [ 983  365]
 [ 984  365]
 [ 988  365]
 [ 989  365]
 [ 997  365]
 [ 998  365]
 [1001  365]
 [1002  365]
 [1003  365]
 [1004  365]
 [1005  365]
 [1006  365]
 [1007  365]
 [1015  365]
 [1016  365]
 [1022  365]
 [1023  365]
 [  78  366]
 [ 226  366]
 [ 227  366]
 [ 228  366]
 [ 602  366]
 [ 603  366]
 [ 604  366]
 [ 605  366]
 [ 693  366]
 [ 694  366]
 [ 695  366]
 [ 696  366]
 [ 715  366]
 [ 722  366]
 [ 742  366]
 [ 743  366]
 [ 744  366]
 [ 745  366]
 [ 778  366]
 [ 779  366]
 [ 780  366]
 [ 781  366]
 [ 797  366]
 [ 798  366]
 [ 799  366]
 [ 854  366]
 [ 855  366]
 [ 871  366]
 [ 872  366]
 [ 884  366]
 [ 885  366]
 [ 886  366]
 [ 887  366]
 [ 888  366]
 [ 900  366]
 [ 901  366]
 [ 909  366]
 [ 910  366]
 [ 949  366]
 [ 950  366]
 [ 951  366]
 [ 952  366]
 [ 953  366]
 [ 958  366]
 [ 959  366]
 [ 973  366]
 [ 974  366]
 [ 975  366]
 [ 976  366]
 [ 977  366]
 [ 981  366]
 [ 982  366]
 [ 983  366]
 [ 989  366]
 [ 995  366]
 [ 996  366]
 [1008  366]
 [1009  366]
 [1014  366]
 [1015  366]
 [  78  367]
 [ 226  367]
 [ 715  367]
 [ 721  367]
 [ 855  367]
 [ 856  367]
 [ 862  367]
 [ 867  367]
 [ 870  367]
 [ 871  367]
 [ 901  367]
 [ 902  367]
 [ 908  367]
 [ 909  367]
 [ 954  367]
 [ 955  367]
 [ 956  367]
 [ 957  367]
 [ 990  367]
 [ 991  367]
 [ 992  367]
 [ 993  367]
 [ 994  367]
 [ 995  367]
 [1009  367]
 [1010  367]
 [1011  367]
 [1012  367]
 [1013  367]
 [1014  367]
 [  78  368]
 [ 226  368]
 [ 227  368]
 [ 716  368]
 [ 720  368]
 [ 721  368]
 [ 856  368]
 [ 860  368]
 [ 861  368]
 [ 863  368]
 [ 864  368]
 [ 865  368]
 [ 866  368]
 [ 868  368]
 [ 869  368]
 [ 870  368]
 [ 902  368]
 [ 903  368]
 [ 904  368]
 [ 905  368]
 [ 906  368]
 [ 907  368]
 [  77  369]
 [ 227  369]
 [ 228  369]
 [ 717  369]
 [ 718  369]
 [ 719  369]
 [ 857  369]
 [ 858  369]
 [ 859  369]
 [ 860  369]
 [  77  370]
 [ 228  370]
 [ 229  370]
 [  77  371]
 [ 229  371]
 [ 230  371]
 [  76  372]
 [ 230  372]
 [ 231  372]
 [ 232  372]
 [  76  373]
 [ 233  373]
 [ 234  373]
 [  76  374]
 [ 235  374]
 [ 236  374]
 [ 237  374]
 [ 238  374]
 [  75  375]
 [ 239  375]
 [  75  376]
 [ 233  376]
 [ 234  376]
 [ 235  376]
 [ 239  376]
 [  75  377]
 [ 231  377]
 [ 232  377]
 [  75  378]
 [ 230  378]
 [  75  379]
 [ 229  379]
 [  75  380]
 [ 229  380]
 [  75  381]
 [ 230  381]
 [  75  382]
 [ 230  382]
 [  74  383]
 [ 231  383]
 [  74  384]
 [ 232  384]
 [ 233  384]
 [  74  385]
 [ 233  385]
 [ 234  385]
 [  74  386]
 [ 234  386]
 [ 235  386]
 [  74  387]
 [ 235  387]
 [ 236  387]
 [ 237  387]
 [ 238  387]
 [  74  388]
 [ 239  388]
 [ 240  388]
 [ 241  388]
 [  75  389]
 [ 242  389]
 [ 243  389]
 [  75  390]
 [ 243  390]
 [ 244  390]
 [  75  391]
 [ 244  391]
 [ 245  391]
 [  74  392]
 [ 246  392]
 [  74  393]
 [ 246  393]
 [  75  394]
 [ 246  394]
 [  75  395]
 [ 245  395]
 [  75  396]
 [ 244  396]
 [ 245  396]
 [  75  397]
 [ 244  397]
 [  75  398]
 [ 243  398]
 [  75  399]
 [ 244  399]
 [  74  400]
 [ 244  400]
 [ 245  400]
 [  74  401]
 [ 154  401]
 [ 155  401]
 [ 158  401]
 [ 159  401]
 [ 160  401]
 [ 161  401]
 [ 245  401]
 [  74  402]
 [ 143  402]
 [ 144  402]
 [ 158  402]
 [ 170  402]
 [ 171  402]
 [ 172  402]
 [ 245  402]
 [  74  403]
 [ 142  403]
 [ 152  403]
 [ 155  403]
 [ 158  403]
 [ 161  403]
 [ 170  403]
 [ 172  403]
 [ 244  403]
 [ 245  403]
 [  74  404]
 [ 142  404]
 [ 152  404]
 [ 154  404]
 [ 158  404]
 [ 160  404]
 [ 169  404]
 [ 172  404]
 [ 243  404]
 [ 244  404]
 [  74  405]
 [ 142  405]
 [ 158  405]
 [ 160  405]
 [ 169  405]
 [ 172  405]
 [ 243  405]
 [  74  406]
 [ 142  406]
 [ 157  406]
 [ 169  406]
 [ 172  406]
 [ 206  406]
 [ 207  406]
 [ 208  406]
 [ 209  406]
 [ 210  406]
 [ 211  406]
 [ 212  406]
 [ 243  406]
 [  74  407]
 [ 142  407]
 [ 157  407]
 [ 159  407]
 [ 170  407]
 [ 192  407]
 [ 193  407]
 [ 198  407]
 [ 199  407]
 [ 200  407]
 [ 204  407]
 [ 205  407]
 [ 213  407]
 [ 214  407]
 [ 243  407]
 [ 244  407]
 [  74  408]
 [ 142  408]
 [ 170  408]
 [ 191  408]
 [ 198  408]
 [ 200  408]
 [ 204  408]
 [ 214  408]
 [ 245  408]
 [ 246  408]
 [  75  409]
 [ 142  409]
 [ 156  409]
 [ 170  409]
 [ 191  409]
 [ 198  409]
 [ 203  409]
 [ 206  409]
 [ 207  409]
 [ 210  409]
 [ 211  409]
 [ 212  409]
 [ 214  409]
 [ 246  409]
 [ 247  409]
 [  75  410]
 [ 142  410]
 [ 156  410]
 [ 158  410]
 [ 165  410]
 [ 166  410]
 [ 167  410]
 [ 170  410]
 [ 173  410]
 [ 191  410]
 [ 198  410]
 [ 203  410]
 [ 206  410]
 [ 208  410]
 [ 210  410]
 [ 212  410]
 [ 248  410]
 [ 249  410]
 [  75  411]
 [ 142  411]
 [ 156  411]
 [ 165  411]
 [ 167  411]
 [ 170  411]
 [ 173  411]
 [ 191  411]
 [ 198  411]
 [ 203  411]
 [ 208  411]
 [ 243  411]
 [ 244  411]
 [ 245  411]
 [ 250  411]
 [  75  412]
 [ 142  412]
 [ 155  412]
 [ 165  412]
 [ 166  412]
 [ 167  412]
 [ 170  412]
 [ 173  412]
 [ 191  412]
 [ 198  412]
 [ 203  412]
 [ 208  412]
 [ 241  412]
 [ 242  412]
 [ 246  412]
 [ 247  412]
 [ 248  412]
 [ 250  412]
 [  75  413]
 [ 142  413]
 [ 145  413]
 [ 155  413]
 [ 170  413]
 [ 173  413]
 [ 191  413]
 [ 198  413]
 [ 203  413]
 [ 208  413]
 [ 240  413]
 [  75  414]
 [ 142  414]
 [ 145  414]
 [ 155  414]
 [ 157  414]
 [ 170  414]
 [ 173  414]
 [ 191  414]
 [ 198  414]
 [ 203  414]
 [ 208  414]
 [ 239  414]
 [  75  415]
 [ 142  415]
 [ 145  415]
 [ 154  415]
 [ 157  415]
 [ 170  415]
 [ 173  415]
 [ 192  415]
 [ 194  415]
 [ 198  415]
 [ 200  415]
 [ 203  415]
 [ 206  415]
 [ 207  415]
 [ 208  415]
 [ 239  415]
 [  75  416]
 [ 142  416]
 [ 145  416]
 [ 155  416]
 [ 157  416]
 [ 170  416]
 [ 173  416]
 [ 192  416]
 [ 197  416]
 [ 200  416]
 [ 204  416]
 [ 206  416]
 [ 208  416]
 [ 210  416]
 [ 214  416]
 [ 239  416]
 [ 240  416]
 [  75  417]
 [ 143  417]
 [ 144  417]
 [ 145  417]
 [ 155  417]
 [ 156  417]
 [ 157  417]
 [ 171  417]
 [ 172  417]
 [ 173  417]
 [ 193  417]
 [ 198  417]
 [ 199  417]
 [ 200  417]
 [ 204  417]
 [ 205  417]
 [ 206  417]
 [ 207  417]
 [ 208  417]
 [ 209  417]
 [ 210  417]
 [ 212  417]
 [ 214  417]
 [ 240  417]
 [  75  418]
 [ 241  418]
 [  76  419]
 [ 241  419]
 [  76  420]
 [ 241  420]
 [  77  421]
 [ 241  421]
 [  77  422]
 [ 241  422]
 [  77  423]
 [ 241  423]
 [  77  424]
 [ 241  424]
 [  78  425]
 [ 241  425]
 [  78  426]
 [ 240  426]
 [  78  427]
 [ 240  427]
 [  78  428]
 [ 239  428]
 [ 240  428]
 [  79  429]
 [ 239  429]
 [  79  430]
 [ 239  430]
 [  80  431]
 [ 239  431]
 [  80  432]
 [ 239  432]
 [  81  433]
 [ 240  433]
 [  81  434]
 [ 240  434]
 [  82  435]
 [ 240  435]
 [  82  436]
 [  83  436]
 [ 240  436]
 [  83  437]
 [ 240  437]
 [  84  438]
 [ 240  438]
 [  84  439]
 [  85  439]
 [ 240  439]
 [  85  440]
 [  86  440]
 [ 239  440]
 [  86  441]
 [  87  441]
 [ 239  441]
 [  87  442]
 [  88  442]
 [ 238  442]
 [  88  443]
 [  89  443]
 [ 237  443]
 [ 238  443]
 [  89  444]
 [  90  444]
 [ 237  444]
 [  90  445]
 [  91  445]
 [ 236  445]
 [  92  446]
 [  93  446]
 [ 237  446]
 [  94  447]
 [  95  447]
 [ 237  447]
 [  96  448]
 [  97  448]
 [ 238  448]
 [  97  449]
 [  98  449]
 [ 238  449]
 [ 239  449]
 [ 335  449]
 [  99  450]
 [ 100  450]
 [ 239  450]
 [ 240  450]
 [ 279  450]
 [ 280  450]
 [ 281  450]
 [ 282  450]
 [ 333  450]
 [ 334  450]
 [ 336  450]
 [ 337  450]
 [ 100  451]
 [ 101  451]
 [ 240  451]
 [ 241  451]
 [ 242  451]
 [ 243  451]
 [ 244  451]
 [ 245  451]
 [ 277  451]
 [ 278  451]
 [ 283  451]
 [ 284  451]
 [ 302  451]
 [ 303  451]
 [ 304  451]
 [ 305  451]
 [ 306  451]
 [ 307  451]
 [ 308  451]
 [ 309  451]
 [ 315  451]
 [ 316  451]
 [ 317  451]
 [ 318  451]
 [ 319  451]
 [ 320  451]
 [ 321  451]
 [ 322  451]
 [ 332  451]
 [ 333  451]
 [ 337  451]
 [ 102  452]
 [ 103  452]
 [ 246  452]
 [ 247  452]
 [ 276  452]
 [ 277  452]
 [ 284  452]
 [ 285  452]
 [ 295  452]
 [ 296  452]
 [ 297  452]
 [ 298  452]
 [ 299  452]
 [ 300  452]
 [ 301  452]
 [ 310  452]
 [ 311  452]
 [ 312  452]
 [ 313  452]
 [ 314  452]
 [ 323  452]
 [ 324  452]
 [ 325  452]
 [ 326  452]
 [ 327  452]
 [ 328  452]
 [ 329  452]
 [ 330  452]
 [ 331  452]
 [ 338  452]
 [ 339  452]
 [ 340  452]
 [ 341  452]
 [ 342  452]
 [ 343  452]
 [ 344  452]
 [ 345  452]
 [ 346  452]
 [ 347  452]
 [ 348  452]
 [ 349  452]
 [ 350  452]
 [ 407  452]
 [ 408  452]
 [ 513  452]
 [ 103  453]
 [ 104  453]
 [ 248  453]
 [ 249  453]
 [ 272  453]
 [ 273  453]
 [ 274  453]
 [ 275  453]
 [ 276  453]
 [ 286  453]
 [ 287  453]
 [ 288  453]
 [ 289  453]
 [ 290  453]
 [ 291  453]
 [ 292  453]
 [ 293  453]
 [ 294  453]
 [ 351  453]
 [ 352  453]
 [ 353  453]
 [ 354  453]
 [ 355  453]
 [ 356  453]
 [ 357  453]
 [ 358  453]
 [ 359  453]
 [ 360  453]
 [ 374  453]
 [ 375  453]
 [ 376  453]
 [ 377  453]
 [ 378  453]
 [ 379  453]
 [ 386  453]
 [ 387  453]
 [ 388  453]
 [ 389  453]
 [ 390  453]
 [ 391  453]
 [ 392  453]
 [ 393  453]
 [ 394  453]
 [ 395  453]
 [ 396  453]
 [ 397  453]
 [ 398  453]
 [ 399  453]
 [ 400  453]
 [ 401  453]
 [ 402  453]
 [ 403  453]
 [ 404  453]
 [ 405  453]
 [ 406  453]
 [ 409  453]
 [ 410  453]
 [ 414  453]
 [ 420  453]
 [ 421  453]
 [ 422  453]
 [ 423  453]
 [ 424  453]
 [ 425  453]
 [ 426  453]
 [ 427  453]
 [ 428  453]
 [ 456  453]
 [ 457  453]
 [ 458  453]
 [ 459  453]
 [ 460  453]
 [ 461  453]
 [ 462  453]
 [ 463  453]
 [ 464  453]
 [ 512  453]
 [ 514  453]
 [ 631  453]
 [ 632  453]
 [ 104  454]
 [ 105  454]
 [ 250  454]
 [ 251  454]
 [ 267  454]
 [ 268  454]
 [ 269  454]
 [ 270  454]
 [ 271  454]
 [ 361  454]
 [ 362  454]
 [ 363  454]
 [ 364  454]
 [ 365  454]
 [ 366  454]
 [ 367  454]
 [ 368  454]
 [ 369  454]
 [ 370  454]
 [ 371  454]
 [ 372  454]
 [ 373  454]
 [ 380  454]
 [ 381  454]
 [ 382  454]
 [ 383  454]
 [ 384  454]
 [ 385  454]
 [ 411  454]
 [ 412  454]
 [ 413  454]
 [ 415  454]
 [ 416  454]
 [ 417  454]
 [ 418  454]
 [ 419  454]
 [ 429  454]
 [ 430  454]
 [ 431  454]
 [ 446  454]
 [ 447  454]
 [ 448  454]
 [ 449  454]
 [ 450  454]
 [ 454  454]
 [ 455  454]
 [ 465  454]
 [ 466  454]
 [ 512  454]
 [ 514  454]
 [ 515  454]
 [ 629  454]
 [ 630  454]
 [ 633  454]
 [ 634  454]
 [ 105  455]
 [ 106  455]
 [ 252  455]
 [ 253  455]
 [ 254  455]
 [ 255  455]
 [ 256  455]
 [ 257  455]
 [ 258  455]
 [ 259  455]
 [ 260  455]
 [ 261  455]
 [ 262  455]
 [ 263  455]
 [ 264  455]
 [ 265  455]
 [ 266  455]
 [ 432  455]
 [ 433  455]
 [ 434  455]
 [ 435  455]
 [ 436  455]
 [ 437  455]
 [ 438  455]
 [ 439  455]
 [ 440  455]
 [ 441  455]
 [ 442  455]
 [ 443  455]
 [ 444  455]
 [ 445  455]
 [ 451  455]
 [ 452  455]
 [ 453  455]
 [ 454  455]
 [ 466  455]
 [ 467  455]
 [ 468  455]
 [ 469  455]
 [ 470  455]
 [ 471  455]
 [ 493  455]
 [ 512  455]
 [ 516  455]
 [ 517  455]
 [ 518  455]
 [ 519  455]
 [ 520  455]
 [ 521  455]
 [ 522  455]
 [ 523  455]
 [ 524  455]
 [ 525  455]
 [ 526  455]
 [ 527  455]
 [ 528  455]
 [ 616  455]
 [ 629  455]
 [ 634  455]
 [ 635  455]
 [ 106  456]
 [ 107  456]
 [ 472  456]
 [ 473  456]
 [ 474  456]
 [ 475  456]
 [ 476  456]
 [ 477  456]
 [ 478  456]
 [ 479  456]
 [ 480  456]
 [ 481  456]
 [ 482  456]
 [ 491  456]
 [ 492  456]
 [ 494  456]
 [ 495  456]
 [ 496  456]
 [ 509  456]
 [ 510  456]
 [ 511  456]
 [ 512  456]
 [ 529  456]
 [ 530  456]
 [ 531  456]
 [ 532  456]
 [ 533  456]
 [ 534  456]
 [ 535  456]
 [ 544  456]
 [ 545  456]
 [ 546  456]
 [ 613  456]
 [ 614  456]
 [ 615  456]
 [ 617  456]
 [ 618  456]
 [ 619  456]
 [ 620  456]
 [ 621  456]
 [ 622  456]
 [ 623  456]
 [ 624  456]
 [ 625  456]
 [ 626  456]
 [ 627  456]
 [ 628  456]
 [ 635  456]
 [ 636  456]
 [ 790  456]
 [ 108  457]
 [ 109  457]
 [ 483  457]
 [ 484  457]
 [ 485  457]
 [ 486  457]
 [ 487  457]
 [ 488  457]
 [ 489  457]
 [ 490  457]
 [ 497  457]
 [ 498  457]
 [ 499  457]
 [ 500  457]
 [ 501  457]
 [ 502  457]
 [ 503  457]
 [ 504  457]
 [ 505  457]
 [ 506  457]
 [ 507  457]
 [ 508  457]
 [ 536  457]
 [ 537  457]
 [ 538  457]
 [ 539  457]
 [ 540  457]
 [ 541  457]
 [ 542  457]
 [ 543  457]
 [ 547  457]
 [ 548  457]
 [ 549  457]
 [ 550  457]
 [ 551  457]
 [ 552  457]
 [ 553  457]
 [ 554  457]
 [ 555  457]
 [ 556  457]
 [ 557  457]
 [ 564  457]
 [ 577  457]
 [ 600  457]
 [ 601  457]
 [ 602  457]
 [ 607  457]
 [ 608  457]
 [ 609  457]
 [ 610  457]
 [ 611  457]
 [ 612  457]
 [ 637  457]
 [ 638  457]
 [ 639  457]
 [ 640  457]
 [ 641  457]
 [ 642  457]
 [ 643  457]
 [ 644  457]
 [ 645  457]
 [ 657  457]
 [ 658  457]
 [ 659  457]
 [ 660  457]
 [ 661  457]
 [ 662  457]
 [ 740  457]
 [ 741  457]
 [ 788  457]
 [ 789  457]
 [ 791  457]
 [ 797  457]
 [ 798  457]
 [ 815  457]
 [ 109  458]
 [ 110  458]
 [ 558  458]
 [ 559  458]
 [ 560  458]
 [ 561  458]
 [ 562  458]
 [ 563  458]
 [ 565  458]
 [ 566  458]
 [ 572  458]
 [ 573  458]
 [ 574  458]
 [ 575  458]
 [ 576  458]
 [ 578  458]
 [ 579  458]
 [ 580  458]
 [ 581  458]
 [ 582  458]
 [ 583  458]
 [ 584  458]
 [ 585  458]
 [ 586  458]
 [ 587  458]
 [ 588  458]
 [ 594  458]
 [ 595  458]
 [ 596  458]
 [ 597  458]
 [ 598  458]
 [ 599  458]
 [ 603  458]
 [ 604  458]
 [ 605  458]
 [ 606  458]
 [ 646  458]
 [ 647  458]
 [ 648  458]
 [ 649  458]
 [ 655  458]
 [ 656  458]
 [ 663  458]
 [ 664  458]
 [ 709  458]
 [ 710  458]
 [ 711  458]
 [ 712  458]
 [ 713  458]
 [ 714  458]
 [ 732  458]
 [ 733  458]
 [ 734  458]
 [ 735  458]
 [ 736  458]
 [ 737  458]
 [ 738  458]
 [ 739  458]
 [ 742  458]
 [ 743  458]
 [ 787  458]
 [ 788  458]
 [ 792  458]
 [ 795  458]
 [ 796  458]
 [ 799  458]
 [ 800  458]
 [ 804  458]
 [ 805  458]
 [ 806  458]
 [ 814  458]
 [ 816  458]
 [ 817  458]
 [ 110  459]
 [ 111  459]
 [ 567  459]
 [ 568  459]
 [ 569  459]
 [ 570  459]
 [ 571  459]
 [ 589  459]
 [ 590  459]
 [ 591  459]
 [ 592  459]
 [ 593  459]
 [ 650  459]
 [ 651  459]
 [ 652  459]
 [ 653  459]
 [ 654  459]
 [ 655  459]
 [ 664  459]
 [ 665  459]
 [ 666  459]
 [ 667  459]
 [ 682  459]
 [ 687  459]
 [ 688  459]
 [ 689  459]
 [ 690  459]
 [ 691  459]
 [ 692  459]
 [ 693  459]
 [ 694  459]
 [ 695  459]
 [ 703  459]
 [ 704  459]
 [ 705  459]
 [ 706  459]
 [ 707  459]
 [ 708  459]
 [ 715  459]
 [ 716  459]
 [ 717  459]
 [ 718  459]
 [ 719  459]
 [ 720  459]
 [ 721  459]
 [ 722  459]
 [ 723  459]
 [ 724  459]
 [ 725  459]
 [ 726  459]
 [ 727  459]
 [ 728  459]
 [ 729  459]
 [ 730  459]
 [ 731  459]
 [ 743  459]
 [ 744  459]
 [ 786  459]
 [ 787  459]
 [ 792  459]
 [ 793  459]
 [ 794  459]
 [ 795  459]
 [ 801  459]
 [ 802  459]
 [ 803  459]
 [ 807  459]
 [ 808  459]
 [ 813  459]
 [ 817  459]
 [ 818  459]
 [ 863  459]
 [ 864  459]
 [ 899  459]
 [ 900  459]
 [ 901  459]
 [ 942  459]
 [ 112  460]
 [ 113  460]
 [ 668  460]
 [ 669  460]
 [ 670  460]
 [ 671  460]
 [ 672  460]
 [ 673  460]
 [ 674  460]
 [ 675  460]
 [ 676  460]
 [ 677  460]
 [ 678  460]
 [ 679  460]
 [ 680  460]
 [ 681  460]
 [ 683  460]
 [ 684  460]
 [ 685  460]
 [ 686  460]
 [ 696  460]
 [ 697  460]
 [ 698  460]
 [ 699  460]
 [ 700  460]
 [ 701  460]
 [ 702  460]
 [ 744  460]
 [ 745  460]
 [ 746  460]
 [ 747  460]
 [ 748  460]
 [ 749  460]
 [ 750  460]
 [ 751  460]
 [ 752  460]
 [ 753  460]
 [ 754  460]
 [ 755  460]
 [ 756  460]
 [ 757  460]
 [ 758  460]
 [ 759  460]
 [ 760  460]
 [ 761  460]
 [ 762  460]
 [ 768  460]
 [ 769  460]
 [ 770  460]
 [ 771  460]
 [ 772  460]
 [ 773  460]
 [ 774  460]
 [ 775  460]
 [ 776  460]
 [ 777  460]
 [ 778  460]
 [ 779  460]
 [ 780  460]
 [ 781  460]
 [ 782  460]
 [ 783  460]
 [ 784  460]
 [ 785  460]
 [ 808  460]
 [ 809  460]
 [ 810  460]
 [ 811  460]
 [ 812  460]
 [ 813  460]
 [ 818  460]
 [ 819  460]
 [ 826  460]
 [ 827  460]
 [ 828  460]
 [ 829  460]
 [ 830  460]
 [ 839  460]
 [ 840  460]
 [ 841  460]
 [ 842  460]
 [ 843  460]
 [ 844  460]
 [ 845  460]
 [ 861  460]
 [ 862  460]
 [ 865  460]
 [ 866  460]
 [ 888  460]
 [ 897  460]
 [ 898  460]
 [ 902  460]
 [ 903  460]
 [ 904  460]
 [ 905  460]
 [ 940  460]
 [ 941  460]
 [ 943  460]
 [ 944  460]
 [ 113  461]
 [ 114  461]
 [ 115  461]
 [ 763  461]
 [ 764  461]
 [ 765  461]
 [ 766  461]
 [ 767  461]
 [ 819  461]
 [ 820  461]
 [ 821  461]
 [ 822  461]
 [ 823  461]
 [ 824  461]
 [ 825  461]
 [ 831  461]
 [ 832  461]
 [ 833  461]
 [ 834  461]
 [ 835  461]
 [ 836  461]
 [ 837  461]
 [ 838  461]
 [ 846  461]
 [ 847  461]
 [ 859  461]
 [ 860  461]
 [ 866  461]
 [ 872  461]
 [ 873  461]
 [ 874  461]
 [ 875  461]
 [ 876  461]
 [ 877  461]
 [ 878  461]
 [ 879  461]
 [ 880  461]
 [ 881  461]
 [ 886  461]
 [ 887  461]
 [ 889  461]
 [ 890  461]
 [ 891  461]
 [ 892  461]
 [ 893  461]
 [ 894  461]
 [ 895  461]
 [ 896  461]
 [ 897  461]
 [ 906  461]
 [ 907  461]
 [ 908  461]
 [ 909  461]
 [ 910  461]
 [ 911  461]
 [ 912  461]
 [ 913  461]
 [ 914  461]
 [ 915  461]
 [ 916  461]
 [ 917  461]
 [ 918  461]
 [ 919  461]
 [ 920  461]
 [ 938  461]
 [ 939  461]
 [ 945  461]
 [ 946  461]
 [ 947  461]
 [ 951  461]
 [ 952  461]
 [ 953  461]
 [ 954  461]
 [ 988  461]
 [ 989  461]
 [ 990  461]
 [ 991  461]
 [ 992  461]
 [ 993  461]
 [ 994  461]
 [1002  461]
 [1003  461]
 [1004  461]
 [1005  461]
 [1006  461]
 [1007  461]
 [1008  461]
 [1009  461]
 [1010  461]
 [ 116  462]
 [ 117  462]
 [ 848  462]
 [ 849  462]
 [ 850  462]
 [ 851  462]
 [ 852  462]
 [ 853  462]
 [ 854  462]
 [ 855  462]
 [ 856  462]
 [ 857  462]
 [ 858  462]
 [ 866  462]
 [ 870  462]
 [ 871  462]
 [ 882  462]
 [ 883  462]
 [ 884  462]
 [ 885  462]
 [ 921  462]
 [ 922  462]
 [ 923  462]
 [ 924  462]
 [ 925  462]
 [ 926  462]
 [ 927  462]
 [ 928  462]
 [ 929  462]
 [ 930  462]
 [ 931  462]
 [ 932  462]
 [ 933  462]
 [ 934  462]
 [ 935  462]
 [ 936  462]
 [ 937  462]
 [ 938  462]
 [ 948  462]
 [ 949  462]
 [ 950  462]
 [ 955  462]
 [ 956  462]
 [ 963  462]
 [ 972  462]
 [ 973  462]
 [ 984  462]
 [ 985  462]
 [ 986  462]
 [ 987  462]
 [ 995  462]
 [ 996  462]
 [ 997  462]
 [ 998  462]
 [ 999  462]
 [1000  462]
 [1001  462]
 [1011  462]
 [1012  462]
 [1013  462]
 [1014  462]
 [ 118  463]
 [ 119  463]
 [ 867  463]
 [ 869  463]
 [ 870  463]
 [ 956  463]
 [ 957  463]
 [ 961  463]
 [ 962  463]
 [ 964  463]
 [ 965  463]
 [ 966  463]
 [ 967  463]
 [ 968  463]
 [ 969  463]
 [ 970  463]
 [ 971  463]
 [ 974  463]
 [ 975  463]
 [ 976  463]
 [ 977  463]
 [ 978  463]
 [ 979  463]
 [ 980  463]
 [ 981  463]
 [ 982  463]
 [ 983  463]
 [1015  463]
 [1016  463]
 [1017  463]
 [1018  463]
 [1019  463]
 [1020  463]
 [1021  463]
 [1022  463]
 [1023  463]
 [ 120  464]
 [ 121  464]
 [ 867  464]
 [ 868  464]
 [ 869  464]
 [ 958  464]
 [ 959  464]
 [ 960  464]
 [ 122  465]
 [ 123  465]
 [ 123  466]
 [ 124  466]
 [ 125  467]
 [ 126  467]
 [ 127  468]
 [ 128  468]
 [ 129  468]
 [ 130  469]
 [ 131  469]
 [ 132  470]
 [ 133  470]
 [ 134  471]
 [ 135  471]
 [ 136  471]
 [ 137  472]
 [ 138  472]
 [ 139  473]
 [ 140  473]
 [ 141  474]
 [ 142  474]
 [ 142  475]
 [ 143  475]
 [ 144  475]
 [ 145  476]
 [ 146  476]
 [ 147  477]
 [ 148  477]
 [ 149  478]
 [ 150  478]
 [ 151  479]
 [ 152  479]
 [ 895  479]
 [ 896  479]
 [ 153  480]
 [ 154  480]
 [ 155  480]
 [ 156  480]
 [ 160  480]
 [ 161  480]
 [ 162  480]
 [ 163  480]
 [ 569  480]
 [ 570  480]
 [ 576  480]
 [ 577  480]
 [ 894  480]
 [ 157  481]
 [ 158  481]
 [ 159  481]
 [ 160  481]
 [ 163  481]
 [ 568  481]
 [ 575  481]
 [ 894  481]
 [ 164  482]
 [ 568  482]
 [ 571  482]
 [ 575  482]
 [ 894  482]
 [ 164  483]
 [ 165  483]
 [ 568  483]
 [ 571  483]
 [ 572  483]
 [ 575  483]
 [ 577  483]
 [ 609  483]
 [ 610  483]
 [ 611  483]
 [ 612  483]
 [ 613  483]
 [ 614  483]
 [ 615  483]
 [ 894  483]
 [ 925  483]
 [ 931  483]
 [ 932  483]
 [ 933  483]
 [ 934  483]
 [ 935  483]
 [ 936  483]
 [ 937  483]
 [ 938  483]
 [ 165  484]
 [ 166  484]
 [ 556  484]
 [ 557  484]
 [ 558  484]
 [ 569  484]
 [ 572  484]
 [ 573  484]
 [ 574  484]
 [ 575  484]
 [ 577  484]
 [ 595  484]
 [ 596  484]
 [ 601  484]
 [ 602  484]
 [ 603  484]
 [ 607  484]
 [ 608  484]
 [ 616  484]
 [ 617  484]
 [ 879  484]
 [ 880  484]
 [ 881  484]
 [ 894  484]
 [ 917  484]
 [ 918  484]
 [ 919  484]
 [ 924  484]
 [ 926  484]
 [ 930  484]
 [ 939  484]
 [ 940  484]
 [ 166  485]
 [ 167  485]
 [ 556  485]
 [ 558  485]
 [ 562  485]
 [ 564  485]
 [ 569  485]
 [ 594  485]
 [ 601  485]
 [ 603  485]
 [ 607  485]
 [ 617  485]
 [ 879  485]
 [ 881  485]
 [ 884  485]
 [ 885  485]
 [ 886  485]
 [ 894  485]
 [ 917  485]
 [ 919  485]
 [ 924  485]
 [ 926  485]
 [ 929  485]
 [ 940  485]
 [ 167  486]
 [ 168  486]
 [ 556  486]
 [ 557  486]
 [ 558  486]
 [ 564  486]
 [ 569  486]
 [ 576  486]
 [ 594  486]
 [ 601  486]
 [ 606  486]
 [ 609  486]
 [ 610  486]
 [ 611  486]
 [ 614  486]
 [ 615  486]
 [ 879  486]
 [ 880  486]
 [ 881  486]
 [ 884  486]
 [ 887  486]
 [ 894  486]
 [ 917  486]
 [ 924  486]
 [ 926  486]
 [ 929  486]
 [ 932  486]
 [ 933  486]
 [ 936  486]
 [ 937  486]
 [ 938  486]
 [ 940  486]
 [ 168  487]
 [ 169  487]
 [ 562  487]
 [ 569  487]
 [ 571  487]
 [ 572  487]
 [ 573  487]
 [ 577  487]
 [ 594  487]
 [ 601  487]
 [ 606  487]
 [ 609  487]
 [ 611  487]
 [ 885  487]
 [ 887  487]
 [ 894  487]
 [ 917  487]
 [ 924  487]
 [ 926  487]
 [ 929  487]
 [ 936  487]
 [ 938  487]
 [ 170  488]
 [ 171  488]
 [ 562  488]
 [ 568  488]
 [ 571  488]
 [ 574  488]
 [ 575  488]
 [ 577  488]
 [ 594  488]
 [ 601  488]
 [ 606  488]
 [ 611  488]
 [ 885  488]
 [ 894  488]
 [ 917  488]
 [ 924  488]
 [ 926  488]
 [ 929  488]
 [ 938  488]
 [ 172  489]
 [ 173  489]
 [ 562  489]
 [ 568  489]
 [ 570  489]
 [ 575  489]
 [ 594  489]
 [ 601  489]
 [ 606  489]
 [ 611  489]
 [ 885  489]
 [ 894  489]
 [ 917  489]
 [ 924  489]
 [ 926  489]
 [ 929  489]
 [ 938  489]
 [ 173  490]
 [ 174  490]
 [ 556  490]
 [ 557  490]
 [ 562  490]
 [ 567  490]
 [ 575  490]
 [ 594  490]
 [ 601  490]
 [ 606  490]
 [ 611  490]
 [ 879  490]
 [ 885  490]
 [ 894  490]
 [ 917  490]
 [ 924  490]
 [ 926  490]
 [ 929  490]
 [ 938  490]
 [ 175  491]
 [ 176  491]
 [ 555  491]
 [ 562  491]
 [ 568  491]
 [ 575  491]
 [ 594  491]
 [ 601  491]
 [ 606  491]
 [ 611  491]
 [ 878  491]
 [ 880  491]
 [ 885  491]
 [ 887  491]
 [ 894  491]
 [ 917  491]
 [ 924  491]
 [ 929  491]
 [ 938  491]
 [ 177  492]
 [ 178  492]
 [ 555  492]
 [ 557  492]
 [ 562  492]
 [ 564  492]
 [ 568  492]
 [ 570  492]
 [ 576  492]
 [ 577  492]
 [ 595  492]
 [ 597  492]
 [ 601  492]
 [ 603  492]
 [ 606  492]
 [ 611  492]
 [ 613  492]
 [ 878  492]
 [ 880  492]
 [ 885  492]
 [ 887  492]
 [ 894  492]
 [ 918  492]
 [ 923  492]
 [ 926  492]
 [ 929  492]
 [ 938  492]
 [ 178  493]
 [ 179  493]
 [ 562  493]
 [ 563  493]
 [ 564  493]
 [ 595  493]
 [ 596  493]
 [ 600  493]
 [ 603  493]
 [ 607  493]
 [ 611  493]
 [ 613  493]
 [ 617  493]
 [ 885  493]
 [ 894  493]
 [ 918  493]
 [ 923  493]
 [ 926  493]
 [ 930  493]
 [ 934  493]
 [ 938  493]
 [ 940  493]
 [ 180  494]
 [ 181  494]
 [ 601  494]
 [ 602  494]
 [ 603  494]
 [ 607  494]
 [ 611  494]
 [ 612  494]
 [ 613  494]
 [ 615  494]
 [ 617  494]
 [ 895  494]
 [ 896  494]
 [ 924  494]
 [ 925  494]
 [ 926  494]
 [ 930  494]
 [ 934  494]
 [ 938  494]
 [ 940  494]
 [ 182  495]
 [ 183  495]
 [ 183  496]
 [ 184  496]
 [ 184  497]
 [ 185  497]
 [ 186  498]
 [ 187  498]
 [ 188  499]
 [ 189  499]
 [ 190  500]
 [ 191  500]
 [ 192  500]
 [ 193  501]
 [ 194  501]
 [ 195  501]
 [ 196  502]
 [ 197  503]
 [ 198  504]
 [ 199  504]
 [ 199  505]
 [ 200  505]
 [ 201  506]
 [ 202  506]
 [ 203  506]
 [ 204  506]
 [ 205  506]
 [ 206  507]
 [ 207  507]
 [ 208  507]
 [ 209  507]
 [ 210  507]
 [ 211  508]
 [ 212  508]
 [ 213  509]
 [ 214  509]
 [ 215  509]
 [ 216  509]
 [ 758  509]
 [ 759  509]
 [ 760  509]
 [ 217  510]
 [ 218  510]
 [ 219  510]
 [ 220  510]
 [ 758  510]
 [ 760  510]
 [ 221  511]
 [ 222  511]
 [ 223  511]
 [ 224  511]
 [ 758  511]
 [ 759  511]
 [ 760  511]
 [ 225  512]
 [ 226  512]
 [ 227  512]
 [ 228  512]
 [ 229  512]
 [ 230  512]
 [ 231  512]
 [ 232  512]
 [ 233  513]
 [ 234  513]
 [ 235  513]
 [ 387  513]
 [ 388  513]
 [ 389  513]
 [ 390  513]
 [ 391  513]
 [ 392  513]
 [ 393  513]
 [ 419  513]
 [ 420  513]
 [ 421  513]
 [ 422  513]
 [ 439  513]
 [ 440  513]
 [ 441  513]
 [ 442  513]
 [ 459  513]
 [ 460  513]
 [ 461  513]
 [ 462  513]
 [ 463  513]
 [ 464  513]
 [ 465  513]
 [ 466  513]
 [ 467  513]
 [ 468  513]
 [ 469  513]
 [ 470  513]
 [ 471  513]
 [ 761  513]
 [ 806  513]
 [ 807  513]
 [ 817  513]
 [ 818  513]
 [ 819  513]
 [ 820  513]
 [ 826  513]
 [ 827  513]
 [ 828  513]
 [ 829  513]
 [ 830  513]
 [ 831  513]
 [ 837  513]
 [ 838  513]
 [ 839  513]
 [ 840  513]
 [ 841  513]
 [ 842  513]
 [ 843  513]
 [ 844  513]
 [ 845  513]
 [ 846  513]
 [ 847  513]
 [ 852  513]
 [ 853  513]
 [ 854  513]
 [ 855  513]
 [ 856  513]
 [ 857  513]
 [ 858  513]
 [ 859  513]
 [ 860  513]
 [ 872  513]
 [ 877  513]
 [ 878  513]
 [ 879  513]
 [ 880  513]
 [ 881  513]
 [ 882  513]
 [ 883  513]
 [ 884  513]
 [ 885  513]
 [ 886  513]
 [ 887  513]
 [ 888  513]
 [ 889  513]
 [ 236  514]
 [ 237  514]
 [ 238  514]
 [ 239  514]
 [ 240  514]
 [ 381  514]
 [ 382  514]
 [ 383  514]
 [ 384  514]
 [ 385  514]
 [ 386  514]
 [ 394  514]
 [ 395  514]
 [ 396  514]
 [ 397  514]
 [ 398  514]
 [ 399  514]
 [ 400  514]
 [ 401  514]
 [ 402  514]
 [ 403  514]
 [ 404  514]
 [ 405  514]
 [ 406  514]
 [ 407  514]
 [ 408  514]
 [ 409  514]
 [ 410  514]
 [ 411  514]
 [ 412  514]
 [ 413  514]
 [ 414  514]
 [ 415  514]
 [ 416  514]
 [ 417  514]
 [ 418  514]
 [ 423  514]
 [ 424  514]
 [ 425  514]
 [ 426  514]
 [ 427  514]
 [ 428  514]
 [ 429  514]
 [ 430  514]
 [ 431  514]
 [ 432  514]
 [ 433  514]
 [ 434  514]
 [ 435  514]
 [ 436  514]
 [ 437  514]
 [ 438  514]
 [ 443  514]
 [ 444  514]
 [ 445  514]
 [ 446  514]
 [ 447  514]
 [ 448  514]
 [ 449  514]
 [ 450  514]
 [ 451  514]
 [ 452  514]
 [ 453  514]
 [ 454  514]
 [ 455  514]
 [ 456  514]
 [ 457  514]
 [ 458  514]
 [ 472  514]
 [ 473  514]
 [ 474  514]
 [ 475  514]
 [ 476  514]
 [ 477  514]
 [ 478  514]
 [ 479  514]
 [ 480  514]
 [ 481  514]
 [ 482  514]
 [ 483  514]
 [ 484  514]
 [ 485  514]
 [ 486  514]
 [ 487  514]
 [ 488  514]
 [ 489  514]
 [ 490  514]
 [ 491  514]
 [ 492  514]
 [ 493  514]
 [ 494  514]
 [ 495  514]
 [ 496  514]
 [ 497  514]
 [ 498  514]
 [ 499  514]
 [ 500  514]
 [ 501  514]
 [ 502  514]
 [ 503  514]
 [ 504  514]
 [ 505  514]
 [ 506  514]
 [ 507  514]
 [ 508  514]
 [ 509  514]
 [ 510  514]
 [ 511  514]
 [ 512  514]
 [ 513  514]
 [ 514  514]
 [ 515  514]
 [ 516  514]
 [ 517  514]
 [ 518  514]
 [ 519  514]
 [ 520  514]
 [ 521  514]
 [ 522  514]
 [ 523  514]
 [ 524  514]
 [ 525  514]
 [ 526  514]
 [ 527  514]
 [ 528  514]
 [ 529  514]
 [ 530  514]
 [ 531  514]
 [ 532  514]
 [ 533  514]
 [ 534  514]
 [ 544  514]
 [ 545  514]
 [ 546  514]
 [ 547  514]
 [ 548  514]
 [ 560  514]
 [ 561  514]
 [ 562  514]
 [ 563  514]
 [ 564  514]
 [ 565  514]
 [ 566  514]
 [ 567  514]
 [ 568  514]
 [ 614  514]
 [ 621  514]
 [ 622  514]
 [ 623  514]
 [ 624  514]
 [ 625  514]
 [ 626  514]
 [ 627  514]
 [ 631  514]
 [ 632  514]
 [ 633  514]
 [ 634  514]
 [ 635  514]
 [ 636  514]
 [ 637  514]
 [ 645  514]
 [ 646  514]
 [ 647  514]
 [ 648  514]
 [ 649  514]
 [ 650  514]
 [ 651  514]
 [ 652  514]
 [ 653  514]
 [ 654  514]
 [ 655  514]
 [ 656  514]
 [ 657  514]
 [ 746  514]
 [ 757  514]
 [ 758  514]
 [ 759  514]
 [ 760  514]
 [ 762  514]
 [ 763  514]
 [ 764  514]
 [ 765  514]
 [ 766  514]
 [ 767  514]
 [ 768  514]
 [ 769  514]
 [ 770  514]
 [ 771  514]
 [ 772  514]
 [ 773  514]
 [ 774  514]
 [ 775  514]
 [ 776  514]
 [ 777  514]
 [ 778  514]
 [ 779  514]
 [ 780  514]
 [ 781  514]
 [ 782  514]
 [ 783  514]
 [ 784  514]
 [ 785  514]
 [ 786  514]
 [ 787  514]
 [ 788  514]
 [ 789  514]
 [ 790  514]
 [ 791  514]
 [ 792  514]
 [ 793  514]
 [ 794  514]
 [ 795  514]
 [ 796  514]
 [ 797  514]
 [ 798  514]
 [ 799  514]
 [ 800  514]
 [ 801  514]
 [ 802  514]
 [ 803  514]
 [ 804  514]
 [ 805  514]
 [ 808  514]
 [ 809  514]
 [ 810  514]
 [ 811  514]
 [ 812  514]
 [ 813  514]
 [ 814  514]
 [ 815  514]
 [ 816  514]
 [ 821  514]
 [ 822  514]
 [ 823  514]
 [ 824  514]
 [ 825  514]
 [ 832  514]
 [ 833  514]
 [ 834  514]
 [ 835  514]
 [ 836  514]
 [ 848  514]
 [ 849  514]
 [ 850  514]
 [ 851  514]
 [ 861  514]
 [ 862  514]
 [ 863  514]
 [ 864  514]
 [ 865  514]
 [ 866  514]
 [ 867  514]
 [ 868  514]
 [ 869  514]
 [ 870  514]
 [ 871  514]
 [ 873  514]
 [ 874  514]
 [ 875  514]
 [ 876  514]
 [ 890  514]
 [ 891  514]
 [ 892  514]
 [ 893  514]
 [ 894  514]
 [ 895  514]
 [ 896  514]
 [ 897  514]
 [ 898  514]
 [ 899  514]
 [ 900  514]
 [ 901  514]
 [ 902  514]
 [ 903  514]
 [ 904  514]
 [ 905  514]
 [ 241  515]
 [ 242  515]
 [ 323  515]
 [ 324  515]
 [ 325  515]
 [ 326  515]
 [ 327  515]
 [ 328  515]
 [ 329  515]
 [ 330  515]
 [ 331  515]
 [ 332  515]
 [ 333  515]
 [ 334  515]
 [ 335  515]
 [ 336  515]
 [ 337  515]
 [ 338  515]
 [ 378  515]
 [ 379  515]
 [ 380  515]
 [ 535  515]
 [ 536  515]
 [ 537  515]
 [ 538  515]
 [ 539  515]
 [ 540  515]
 [ 541  515]
 [ 542  515]
 [ 543  515]
 [ 549  515]
 [ 550  515]
 [ 551  515]
 [ 552  515]
 [ 553  515]
 [ 554  515]
 [ 555  515]
 [ 556  515]
 [ 557  515]
 [ 558  515]
 [ 559  515]
 [ 569  515]
 [ 570  515]
 [ 571  515]
 [ 572  515]
 [ 573  515]
 [ 574  515]
 [ 575  515]
 [ 576  515]
 [ 577  515]
 [ 578  515]
 [ 579  515]
 [ 580  515]
 [ 581  515]
 [ 582  515]
 [ 583  515]
 [ 584  515]
 [ 585  515]
 [ 586  515]
 [ 587  515]
 [ 588  515]
 [ 589  515]
 [ 590  515]
 [ 591  515]
 [ 592  515]
 [ 593  515]
 [ 594  515]
 [ 595  515]
 [ 596  515]
 [ 597  515]
 [ 598  515]
 [ 599  515]
 [ 600  515]
 [ 601  515]
 [ 602  515]
 [ 603  515]
 [ 604  515]
 [ 605  515]
 [ 606  515]
 [ 607  515]
 [ 608  515]
 [ 609  515]
 [ 610  515]
 [ 611  515]
 [ 612  515]
 [ 613  515]
 [ 615  515]
 [ 616  515]
 [ 617  515]
 [ 618  515]
 [ 619  515]
 [ 620  515]
 [ 628  515]
 [ 629  515]
 [ 630  515]
 [ 638  515]
 [ 639  515]
 [ 640  515]
 [ 641  515]
 [ 642  515]
 [ 643  515]
 [ 644  515]
 [ 658  515]
 [ 659  515]
 [ 660  515]
 [ 661  515]
 [ 662  515]
 [ 663  515]
 [ 744  515]
 [ 745  515]
 [ 747  515]
 [ 748  515]
 [ 749  515]
 [ 750  515]
 [ 751  515]
 [ 752  515]
 [ 753  515]
 [ 754  515]
 [ 755  515]
 [ 756  515]
 [ 906  515]
 [ 907  515]
 [ 908  515]
 [ 909  515]
 [ 910  515]
 [ 243  516]
 [ 244  516]
 [ 316  516]
 [ 317  516]
 [ 318  516]
 [ 319  516]
 [ 320  516]
 [ 321  516]
 [ 322  516]
 [ 339  516]
 [ 340  516]
 [ 376  516]
 [ 377  516]
 [ 664  516]
 [ 665  516]
 [ 666  516]
 [ 667  516]
 [ 668  516]
 [ 669  516]
 [ 670  516]
 [ 671  516]
 [ 672  516]
 [ 673  516]
 [ 674  516]
 [ 675  516]
 [ 676  516]
 [ 677  516]
 [ 743  516]
 [ 744  516]
 [ 911  516]
 [ 912  516]
 [ 913  516]
 [ 964  516]
 [ 965  516]
 [ 245  517]
 [ 246  517]
 [ 247  517]
 [ 311  517]
 [ 312  517]
 [ 313  517]
 [ 314  517]
 [ 315  517]
 [ 340  517]
 [ 376  517]
 [ 678  517]
 [ 679  517]
 [ 680  517]
 [ 740  517]
 [ 741  517]
 [ 742  517]
 [ 914  517]
 [ 915  517]
 [ 963  517]
 [ 248  518]
 [ 249  518]
 [ 309  518]
 [ 310  518]
 [ 340  518]
 [ 375  518]
 [ 681  518]
 [ 682  518]
 [ 683  518]
 [ 684  518]
 [ 685  518]
 [ 738  518]
 [ 739  518]
 [ 916  518]
 [ 917  518]
 [ 918  518]
 [ 964  518]
 [ 965  518]
 [ 250  519]
 [ 251  519]
 [ 252  519]
 [ 253  519]
 [ 254  519]
 [ 255  519]
 [ 256  519]
 [ 257  519]
 [ 258  519]
 [ 259  519]
 [ 260  519]
 [ 261  519]
 [ 262  519]
 [ 263  519]
 [ 264  519]
 [ 265  519]
 [ 266  519]
 [ 267  519]
 [ 283  519]
 [ 284  519]
 [ 285  519]
 [ 286  519]
 [ 296  519]
 [ 297  519]
 [ 303  519]
 [ 304  519]
 [ 305  519]
 [ 306  519]
 [ 307  519]
 [ 308  519]
 [ 309  519]
 [ 341  519]
 [ 375  519]
 [ 686  519]
 [ 687  519]
 [ 688  519]
 [ 737  519]
 [ 738  519]
 [ 919  519]
 [ 920  519]
 [ 921  519]
 [ 922  519]
 [ 268  520]
 [ 269  520]
 [ 270  520]
 [ 271  520]
 [ 272  520]
 [ 273  520]
 [ 274  520]
 [ 275  520]
 [ 276  520]
 [ 277  520]
 [ 278  520]
 [ 279  520]
 [ 280  520]
 [ 281  520]
 [ 282  520]
 [ 287  520]
 [ 288  520]
 [ 289  520]
 [ 290  520]
 [ 291  520]
 [ 292  520]
 [ 293  520]
 [ 294  520]
 [ 295  520]
 [ 298  520]
 [ 299  520]
 [ 300  520]
 [ 301  520]
 [ 302  520]
 [ 341  520]
 [ 342  520]
 [ 343  520]
 [ 344  520]
 [ 345  520]
 [ 346  520]
 [ 347  520]
 [ 374  520]
 [ 375  520]
 [ 689  520]
 [ 690  520]
 [ 736  520]
 [ 737  520]
 [ 923  520]
 [ 924  520]
 [ 347  521]
 [ 348  521]
 [ 354  521]
 [ 355  521]
 [ 356  521]
 [ 357  521]
 [ 358  521]
 [ 359  521]
 [ 360  521]
 [ 366  521]
 [ 367  521]
 [ 368  521]
 [ 369  521]
 [ 370  521]
 [ 371  521]
 [ 372  521]
 [ 373  521]
 [ 690  521]
 [ 691  521]
 [ 735  521]
 [ 736  521]
 [ 925  521]
 [ 926  521]
 [1004  521]
 [1005  521]
 [1006  521]
 [1007  521]
 [1008  521]
 [1009  521]
 [ 349  522]
 [ 350  522]
 [ 351  522]
 [ 352  522]
 [ 353  522]
 [ 361  522]
 [ 362  522]
 [ 363  522]
 [ 364  522]
 [ 365  522]
 [ 691  522]
 [ 692  522]
 [ 709  522]
 [ 710  522]
 [ 711  522]
 [ 712  522]
 [ 713  522]
 [ 714  522]
 [ 734  522]
 [ 735  522]
 [ 926  522]
 [ 927  522]
 [1004  522]
 [1009  522]
 [ 693  523]
 [ 694  523]
 [ 707  523]
 [ 708  523]
 [ 715  523]
 [ 733  523]
 [ 734  523]
 [ 928  523]
 [1004  523]
 [1005  523]
 [1009  523]
 [ 694  524]
 [ 707  524]
 [ 715  524]
 [ 731  524]
 [ 732  524]
 [ 929  524]
 [1006  524]
 [1007  524]
 [1008  524]
 [ 694  525]
 [ 706  525]
 [ 715  525]
 [ 731  525]
 [ 930  525]
 [ 931  525]
 [ 694  526]
 [ 706  526]
 [ 714  526]
 [ 715  526]
 [ 730  526]
 [ 931  526]
 [ 932  526]
 [ 694  527]
 [ 706  527]
 [ 714  527]
 [ 730  527]
 [ 933  527]
 [ 934  527]
 [ 956  527]
 [ 957  527]
 [ 964  527]
 [ 694  528]
 [ 706  528]
 [ 714  528]
 [ 729  528]
 [ 934  528]
 [ 935  528]
 [ 952  528]
 [ 953  528]
 [ 954  528]
 [ 955  528]
 [ 958  528]
 [ 959  528]
 [ 960  528]
 [ 961  528]
 [ 962  528]
 [ 963  528]
 [ 965  528]
 [ 694  529]
 [ 695  529]
 [ 696  529]
 [ 697  529]
 [ 698  529]
 [ 699  529]
 [ 700  529]
 [ 701  529]
 [ 702  529]
 [ 703  529]
 [ 704  529]
 [ 705  529]
 [ 706  529]
 [ 714  529]
 [ 715  529]
 [ 724  529]
 [ 725  529]
 [ 726  529]
 [ 727  529]
 [ 728  529]
 [ 935  529]
 [ 950  529]
 [ 951  529]
 [ 965  529]
 [ 716  530]
 [ 717  530]
 [ 718  530]
 [ 719  530]
 [ 720  530]
 [ 721  530]
 [ 722  530]
 [ 723  530]
 [ 936  530]
 [ 950  530]
 [ 965  530]
 [ 936  531]
 [ 949  531]
 [ 964  531]
 [ 937  532]
 [ 949  532]
 [ 963  532]
 [ 938  533]
 [ 939  533]
 [ 940  533]
 [ 941  533]
 [ 942  533]
 [ 943  533]
 [ 948  533]
 [ 949  533]
 [ 963  533]
 [1008  533]
 [ 943  534]
 [ 944  534]
 [ 945  534]
 [ 946  534]
 [ 947  534]
 [ 948  534]
 [ 964  534]
 [1006  534]
 [1007  534]
 [1009  534]
 [1010  534]
 [1011  534]
 [1012  534]
 [1013  534]
 [1014  534]
 [1015  534]
 [1016  534]
 [1017  534]
 [1018  534]
 [1019  534]
 [1020  534]
 [1021  534]
 [1022  534]
 [1023  534]
 [ 964  535]
 [ 965  535]
 [1003  535]
 [1004  535]
 [1005  535]
 [ 966  536]
 [ 967  536]
 [ 968  536]
 [ 969  536]
 [ 978  536]
 [ 991  536]
 [ 992  536]
 [ 993  536]
 [ 994  536]
 [ 995  536]
 [ 996  536]
 [ 997  536]
 [ 998  536]
 [ 999  536]
 [1000  536]
 [1001  536]
 [1002  536]
 [ 970  537]
 [ 971  537]
 [ 972  537]
 [ 973  537]
 [ 974  537]
 [ 975  537]
 [ 976  537]
 [ 977  537]
 [ 979  537]
 [ 980  537]
 [ 981  537]
 [ 982  537]
 [ 983  537]
 [ 984  537]
 [ 985  537]
 [ 986  537]
 [ 987  537]
 [ 988  537]
 [ 989  537]
 [ 990  537]]